180644 11111111111 2 18/6/2020 223338 R$3000 40694279000175
180644 11111111111 1 18/6/2020 223337 R$150 40694279000175
180623 22222222222 2 18/6/2020 223335 R$2 77941560000175
18068 22222222222 2 18/6/2020 223337 R$300 40694279000175
180641 11111111111 4 18/6/2020 223338 R$6000 40694279000175
180650 11111111111 12 18/6/2020 223335 R$12 77941560000175
180649 11111111111 2 18/6/2020 223338 R$3000 40694279000175
180649 11111111111 3 18/6/2020 223336 R$3900 79024644000170
180648 11111111111 2 18/6/2020 223335 R$2 77941560000175
180626 11111111111 2 18/6/2020 223334 R$30 77941560000175
180627 11111111111 3 18/6/2020 223334 R$45 77941560000175
180629 11111111111 3 18/6/2020 223336 R$3900 79024644000170
180631 11111111111 2 18/6/2020 223338 R$3000 40694279000175
180632 11111111111 12 18/6/2020 223338 R$18000 40694279000175
180636 11111111111 4 18/6/2020 223334 R$60 77941560000175
180637 11111111111 3 18/6/2020 223337 R$450 40694279000175
180637 11111111111 5 18/6/2020 223338 R$7500 40694279000175
180641 11111111111 5 18/6/2020 223335 R$5 77941560000175







